5 3
3 2
4 150
3 5
10
3 4
4 6
3 8
5
30
Q ODG 1 1 4 120 3 10 Y
Q ODN 2 2 5 80 4 8 N
Q OT 3 3 3 50
Q OVG 4 4 6 200 300
Q OVC 5 5 4 90 300
Q OVN 6 6 5 70 300
Q ODN 8 7 3 60 2 6 Y
Q OVC 10 8 2 45 300
Q OVG 12 9 7 300 300
Q ODG 15 10 5 180 5 12 N
X 11 8
Q OVN 22 11 4 55 300
Q OT 25 12 2 40
Q OVC 30 13 3 75 300
Q ODN 35 14 6 95 3 9 Y
Q OVG 40 15 8 400 300
Q OT 45 16 1 30
Q OVC 50 17 5 110 300
Q ODG 55 18 4 160 4 11 N
Q OVN 60 19 3 65 300
Q ODN 65 20 5 85 3 7 Y
Q OVG 70 21 6 250 300
Q OVC 75 22 4 95 300
Q OT 80 23 2 35
Q ODG 85 24 3 140 2 8 Y
Q OVN 90 25 5 80 300
Q ODN 95 26 4 70 4 10 N
Q OVC 98 27 3 85 300
X 100 22
Q OVG 105 28 5 220 300
