10 8
3 3
3 150
4 6
5
2 4 2 6 1 8
5
250
Q OVG 1 159 8 371 771
Q ODG 2 117 4 120 5 20 N
Q OVG 3 108 6 134 1456
Q OVG 3 209 3 91 2941
Q OVG 5 13 7 272 3438
Q OVC 5 19 6 306 2841
Q OVC 5 184 7 375 2313
Q ODN 6 21 1 103 1 17 N
Q OVG 8 199 8 302 3337
Q OVC 9 176 3 245 1962
Q OVC 10 195 4 322 2313
Q OVG 12 52 3 352 2552
Q OVG 12 200 8 370 703
Q ODG 13 42 8 334 3 21 N
X 13 19
Q ODN 14 23 7 251 3 25 Y
Q OVG 14 24 5 362 1573
Q OVG 15 83 5 331 1934
Q OVG 15 116 5 297 341
Q OVG 16 189 3 327 2552
Q OVC 17 54 3 155 2331
Q OVC 20 38 4 74 1119
Q OVG 20 123 2 283 1905
Q OVN 20 203 6 238 1916
X 23 38
Q OT 25 68 7 247
Q ODN 26 150 8 303 1 12 Y
Q OVG 26 181 2 137 3696
Q OVG 27 18 1 64 2016
Q OVG 29 82 8 251 3299
Q OVN 30 143 7 127 1971
X 31 195
Q OVG 32 104 2 251 2076
Q OVN 32 107 3 90 3380
Q OVG 33 6 6 383 2834
Q OT 33 224 1 200
X 33 176
Q OVG 36 149 3 82 2572
Q OVG 37 64 6 58 1703
Q ODG 37 65 2 329 3 20 N
Q OVG 37 168 6 127 1801
Q OVG 37 185 8 135 2272
Q OVG 37 233 2 42 1138
Q OVG 42 115 1 325 3314
Q ODG 43 234 4 71 1 23 Y
Q OVG 44 79 8 197 2456
X 44 54
Q OVG 46 154 2 285 2457
Q OVG 48 216 7 152 2403
Q OVC 50 112 5 290 1520
Q OVG 50 204 8 119 536
Q OVG 51 225 8 38 1936
Q OVG 52 33 7 146 2188
Q OVN 53 41 6 237 2756
Q OVG 53 95 3 46 906
Q OVG 54 169 3 352 2443
Q OVG 55 132 3 329 2592
Q OVG 58 87 4 117 2811
Q OVG 58 210 2 74 557
Q OVG 60 66 3 284 3003
Q OVC 60 220 6 86 3356
Q OVG 61 10 8 248 3835
Q OVG 61 85 2 175 2900
Q OVG 61 221 3 312 3162
Q OVG 62 44 2 154 2920
Q ODG 62 153 6 327 5 9 Y
Q ODN 63 28 2 44 1 17 Y
Q ODN 64 134 7 261 1 24 Y
Q OVG 64 191 3 170 2804
Q OVG 65 11 5 77 3712
Q OT 65 111 2 107
Q OVG 66 222 1 217 1451
Q OVG 74 135 8 69 3652
Q ODN 75 39 8 91 3 23 N
Q OVN 76 94 7 237 683
Q OVN 76 175 7 139 1604
Q OVN 77 145 6 330 1945
Q OVG 78 114 7 140 1925
Q OVG 80 45 8 178 3511
Q OVG 80 124 5 190 419
X 80 220
Q OVG 81 166 7 53 3100
Q OVG 82 136 3 250 2993
Q OVG 84 78 1 157 298
Q OVG 85 161 8 195 923
Q OVC 88 40 7 346 434
Q OVG 89 231 2 60 934
Q ODG 91 128 7 190 5 22 Y
Q ODG 92 232 8 159 3 19 Y
Q OVG 93 74 5 335 2478
Q ODG 94 103 1 323 1 21 Y
Q ODG 97 5 6 339 5 21 Y
Q OVG 99 36 5 393 2962
Q OVC 99 205 7 274 2652
Q OVG 103 130 2 80 2429
Q OVG 105 196 7 336 1032
Q OT 107 139 2 396
Q OVN 108 190 7 41 336
Q OVG 112 48 5 202 2969
Q OVG 112 186 4 84 2759
Q OVG 113 151 4 378 2521
Q OVG 113 171 4 283 2354
X 113 40
Q ODN 114 75 3 312 3 25 N
Q ODN 115 14 2 100 3 20 N
Q OVG 115 30 4 157 1420
Q OVG 115 70 5 393 2925
Q OT 117 119 6 119
Q OVG 119 101 3 187 3466
Q OVG 119 102 6 199 2798
Q ODG 119 113 5 115 5 25 Y
Q OVG 120 142 5 377 818
Q OT 122 215 3 73
Q OVG 123 162 4 370 1507
Q OVG 125 2 6 73 2405
Q OVG 125 106 2 291 1731
Q ODG 127 31 8 124 2 11 N
Q OVG 129 80 1 308 3465
Q OVG 131 152 3 186 2322
Q OVG 133 148 2 157 3174
Q OVG 135 16 8 325 1913
Q OVC 136 160 1 68 407
Q OVG 137 100 3 204 3588
Q OVG 139 9 2 240 2994
Q ODG 139 92 4 78 3 10 N
Q OVG 143 226 3 347 2589
Q OVG 144 73 6 368 1174
Q ODN 144 76 7 297 4 15 Y
Q ODN 144 167 2 88 2 25 Y
Q OVG 144 173 3 281 1582
Q OVG 144 229 8 70 640
Q OVG 146 109 3 147 2315
Q OVG 146 165 6 188 641
Q OVG 147 197 5 246 3950
Q OVG 148 155 2 128 2076
Q OVN 149 105 7 113 2752
Q OVG 149 192 5 117 1945
Q OVG 149 213 1 236 3274
Q OVC 149 228 7 264 2979
Q OVG 151 157 8 383 1229
Q ODN 153 223 3 337 4 13 Y
Q OVG 154 46 7 316 2678
Q OVG 156 97 3 168 2378
Q OVG 157 53 8 365 1559
Q OVG 159 63 2 366 1596
Q OVG 161 77 6 284 866
Q OT 163 3 2 108
Q OVN 165 172 3 336 1884
Q OVG 165 218 6 253 3676
Q ODN 166 156 4 184 1 17 N
Q OVG 167 81 6 308 3136
Q OVG 167 211 7 88 2138
Q OVC 169 59 7 362 424
Q OVG 171 131 6 235 2199
Q ODG 171 227 7 191 2 20 Y
Q OVG 172 51 7 238 2140
Q ODG 173 15 1 70 6 15 N
Q OVG 176 125 7 302 1875
Q OVC 177 188 4 308 1905
Q OVG 177 193 4 304 632
Q OVG 178 4 6 193 1110
Q OVG 179 61 8 60 1633
Q OVG 180 98 8 59 1234
Q ODG 181 55 6 156 1 24 Y
Q OVG 181 202 3 65 1205
Q ODG 183 22 1 153 5 17 N
Q OVC 183 71 4 331 2096
Q OVG 183 170 7 379 427
Q OVN 185 146 2 87 366
Q OVC 186 208 6 233 1519
Q OVG 189 12 3 33 1667
Q ODN 189 89 3 51 5 21 N
Q OVC 191 49 6 187 3992
Q OVN 192 122 7 223 1162
Q OVG 193 158 3 167 2715
Q OVG 193 183 6 64 303
Q OVC 194 25 3 302 3616
Q OVG 194 47 3 49 2369
Q OVN 194 180 4 88 2096
Q OVG 195 27 5 293 2434
Q OVG 195 32 5 317 3982
Q OVG 195 201 2 267 2432
Q OVG 197 207 7 303 457
X 197 71
Q OVG 198 178 1 368 2412
Q OVG 199 206 7 163 3218
Q OVG 200 96 6 185 3634
Q OVG 200 163 3 317 2127
Q OVG 201 17 7 92 1684
Q OVG 201 34 1 298 1454
Q OVN 201 129 8 62 502
Q OVG 207 133 1 76 2462
Q OVC 210 60 4 80 375
Q OT 210 118 7 106
Q OT 210 182 6 217
Q OVG 210 187 1 344 3410
Q OVG 214 198 7 269 1560
Q ODN 215 67 3 147 3 8 N
Q OT 216 138 5 300
Q OVG 216 147 8 294 3577
X 218 25
Q OVC 220 56 6 261 1357
Q OVG 220 58 7 265 3968
Q OVG 220 120 4 60 555
Q OVG 220 194 7 86 1368
Q ODG 221 7 6 166 4 11 Y
Q OVG 221 126 7 194 2401
Q OVC 222 86 2 283 3559
Q OVC 225 91 8 299 827
Q OT 227 8 8 94
Q OVN 229 57 4 121 2510
Q OVG 231 69 1 123 3113
Q OVC 232 127 7 203 925
Q OVG 233 141 3 294 3342
X 233 86
Q OVN 234 88 8 55 3592
Q OVG 235 140 6 271 3588
Q OVG 236 99 8 66 3983
Q OVG 236 137 6 145 1977
Q OT 239 29 4 165
Q ODN 239 144 5 175 3 25 Y
Q OVG 240 37 2 140 3877
Q OVN 240 84 7 121 1808
Q OVN 241 179 8 127 431
Q OVG 243 50 2 66 3879
X 245 56
Q OVC 246 26 2 191 3681
Q ODN 246 62 7 283 3 14 Y
Q OVG 246 110 4 338 1517
Q OVC 246 174 5 383 353
Q OVC 246 230 5 99 3314
Q OVG 247 43 8 350 3035
Q OT 249 93 8 294
Q OVC 250 90 8 292 1812
Q OVG 252 219 5 395 583
Q ODN 254 35 3 201 5 14 Y
Q OVG 255 1 6 356 3848
Q ODG 255 20 3 250 2 11 Y
X 255 91
Q OVG 256 72 4 348 2094
Q OVG 256 164 8 40 3076
Q OVG 257 214 8 284 1421
Q OVN 257 217 4 196 1453
X 258 230
Q OVN 259 212 3 355 3683
Q ODN 264 121 5 309 5 18 N
Q OVG 264 177 1 69 2942
X 265 127
X 266 90
X 266 26
