8 4
3 2
5 120
4 6
5
2 4 2 6 1 8
30
50
Q ODN 1 8 4 185 5 19 N
Q OVN 5 24 8 304 465
Q OVC 5 30 8 42 3507
Q OT 6 4 3 338
Q OT 7 25 3 85
Q ODN 11 12 6 337 2 11 N
Q OT 13 13 4 208
Q OVN 15 31 7 156 3141
Q OVC 22 23 2 242 3595
Q OVG 23 16 8 207 1543
Q OT 25 35 2 380
Q OT 31 9 8 253
Q ODG 31 11 8 184 5 10 Y
Q OT 34 6 5 368
Q OVN 34 28 8 246 1545
Q OVC 35 20 8 62 881
Q ODN 36 15 3 91 3 22 Y
Q OT 37 42 5 289
Q OVN 38 32 1 335 3940
Q OVN 40 36 8 385 3588
X 42 20
Q OT 44 44 5 277
Q OT 46 5 5 375
Q ODN 47 7 4 255 5 20 Y
Q OT 47 41 4 351
Q OVN 53 39 4 65 3363
Q OVG 55 40 1 208 1243
Q OVN 56 14 8 155 2988
Q ODN 56 17 1 199 3 15 Y
Q OVG 56 27 8 205 3174
Q OT 58 18 3 229
Q OVN 58 45 8 72 3024
Q OVN 59 26 8 101 2078
Q ODG 61 10 6 286 2 15 N
Q ODN 62 34 7 128 3 13 Y
Q OVN 63 2 3 47 2332
Q OT 63 3 4 214
Q OVC 63 21 7 99 1922
Q OVC 64 19 4 298 3929
Q OVC 64 43 5 237 2008
Q OVN 67 29 3 151 1523
Q OVG 67 37 8 370 3245
Q OVC 70 22 7 280 3074
Q OVG 71 33 2 176 866
Q ODN 72 38 6 89 6 8 Y
Q ODG 74 1 8 325 1 14 Y
X 74 22
X 86 19
X 103 43
X 103 21
