158	72	120	120	121	134	13	1	14	24
153	23	119	119	119	127	8	0	8	26
151	1	116	116	117	131	14	1	15	20
141	12	119	119	121	135	14	2	16	6
141	87	114	114	114	116	2	0	2	25
140	68	118	118	118	136	18	0	18	4
138	59	116	116	117	117	0	1	1	21
136	50	110	110	110	114	4	0	4	22
135	34	80	80	80	110	30	0	30	25
134	15	117	117	118	127	9	1	10	7
131	17	104	104	105	109	4	1	5	22
129	3	116	116	118	118	0	2	2	11
129	55	113	113	113	113	0	0	0	16
127	41	96	96	96	112	16	0	16	15
127	37	103	103	106	109	3	3	6	18
122	45	119	119	121	121	0	2	2	1
122	73	104	104	106	106	0	2	2	16
117	30	116	116	116	116	0	0	0	1
116	51	90	90	90	97	7	0	7	19
114	48	99	99	102	102	0	3	3	12
114	38	112	112	113	113	0	1	1	1
114	47	84	84	86	91	5	2	7	23
112	14	100	100	101	107	6	1	7	5
110	49	95	95	97	99	2	2	4	11
109	56	100	100	100	100	0	0	0	9
106	36	84	84	86	86	0	2	2	20
105	67	103	103	104	104	0	1	1	1
102	82	85	85	87	97	10	2	12	5
100	2	82	82	82	83	1	0	1	17
99	79	54	54	54	77	23	0	23	22
97	46	69	69	70	79	9	1	10	18
97	32	94	94	95	95	0	1	1	2
95	71	78	78	80	82	2	2	4	13
93	21	83	83	85	85	0	2	2	8
93	53	70	70	71	74	3	1	4	19
89	43	88	88	88	88	0	0	0	1
89	28	80	80	80	80	0	0	0	9
86	11	83	83	85	85	0	2	2	1
84	13	52	52	52	79	27	0	27	5
83	20	74	74	74	74	0	0	0	9
80	86	79	79	79	79	0	0	0	1
79	85	65	65	67	70	3	2	5	9
79	29	48	48	50	54	4	2	6	25
77	77	52	52	52	52	0	0	0	25
75	22	66	66	66	73	7	0	7	2
75	31	74	74	74	74	0	0	0	1
74	35	47	47	50	50	0	3	3	24
74	26	50	50	50	59	9	0	9	15
73	4	61	61	63	65	2	2	4	8
72	6	55	55	58	58	0	3	3	14
71	83	58	58	58	58	0	0	0	13
70	18	52	52	52	64	12	0	12	6
65	81	37	37	40	40	0	3	3	25
64	65	47	47	47	47	0	0	0	17
62	58	61	61	61	61	0	0	0	1
59	66	48	48	48	48	0	0	0	11
58	78	47	47	48	48	0	1	1	10
54	9	29	29	29	30	1	0	1	24
48	69	23	23	23	23	0	0	0	25
48	8	33	33	33	33	0	0	0	15
46	61	23	23	24	24	0	1	1	22
45	54	23	24	24	36	13	0	13	9
45	70	36	36	36	38	2	0	2	7
45	57	34	34	36	36	0	2	2	9
42	63	15	15	16	16	0	1	1	26
40	39	38	38	39	39	0	1	1	1
40	75	22	22	24	24	0	2	2	16
39	84	24	24	24	24	0	0	0	15
38	88	12	12	14	14	0	2	2	24
37	33	23	23	23	23	0	0	0	14
37	89	19	19	20	20	0	1	1	17
36	64	27	27	29	32	3	2	5	4
34	74	16	16	19	19	0	3	3	15
33	44	30	30	32	32	0	2	2	1
32	40	27	27	28	28	0	1	1	4
31	80	28	28	30	30	0	2	2	1
31	25	13	13	14	14	0	1	1	17
30	90	22	22	23	23	0	1	1	7
28	16	23	24	24	26	3	0	3	2
28	5	26	26	27	27	0	1	1	1
26	62	9	9	10	10	0	1	1	16
25	60	22	22	24	24	0	2	2	1
22	76	4	4	5	5	0	1	1	17
22	7	5	5	5	5	0	0	0	17
21	19	16	16	17	17	0	1	1	4
19	27	1	1	2	2	0	1	1	17
18	24	17	17	17	17	0	0	0	1
14	52	5	5	6	6	0	1	1	8

========== STATISTICS ==========
1) Total orders: 90
   ODG: 8  ODN: 14  OT: 15  OVG: 11  OVC: 22  OVN: 20
2) Total chefs: 9   CN: 6  CS: 3
3) Total scooters: 6
4) Finished: 88 (97.7778%)   Cancelled: 2 (2.22222%)
5) Overwait orders: 2 (2.27273% of finished)
6) Averages (finished orders):
   Avg Ti    = 3.28409
   Avg Tc    = 0.965909
   Avg Tw    = 4.25
   Avg Tserv = 12.2045
7) Scooter utilization: 77.4262%
8) Chef utilization:    6.11814%
