141	45	58	58	60	115	55	2	57	26
123	2	63	63	63	103	40	0	40	20
112	29	67	67	67	99	32	0	32	13
111	37	67	67	70	83	13	3	16	28
110	27	56	56	59	83	24	3	27	27
109	26	59	59	61	91	30	2	32	18
99	19	64	64	65	66	1	1	2	33
97	33	71	71	71	89	18	0	18	8
91	21	63	63	65	74	9	2	11	17
91	1	74	74	77	77	0	3	3	14
89	43	64	64	65	72	7	1	8	17
83	14	56	56	58	58	0	2	2	25
83	39	53	53	54	54	0	1	1	29
81	38	72	72	73	73	0	1	1	8
78	10	61	61	63	63	0	2	2	15
77	34	62	62	64	64	0	2	2	13
74	36	40	40	42	44	2	2	4	30
72	32	38	38	38	39	1	0	1	33
71	17	56	56	56	56	0	0	0	15
68	7	47	47	48	48	0	1	1	20
66	40	55	55	55	55	0	0	0	11
65	3	63	63	64	64	0	1	1	1
59	18	58	58	58	58	0	0	0	1
58	15	36	36	36	36	0	0	0	22
52	23	22	22	22	22	0	0	0	30
49	41	47	47	48	48	0	1	1	1
49	28	34	34	36	36	0	2	2	13
48	5	46	46	47	47	0	1	1	1
46	44	44	44	45	45	0	1	1	1
45	20	35	35	37	37	0	2	2	8
44	31	15	15	17	17	0	2	2	27
44	11	31	31	34	34	0	3	3	10
39	16	23	23	26	26	0	3	3	13
39	42	37	37	38	38	0	1	1	1
37	30	5	5	7	7	0	2	2	30
36	6	34	34	35	35	0	1	1	1
34	9	31	31	33	33	0	2	2	1
26	35	25	25	25	25	0	0	0	1
23	12	11	11	12	12	0	1	1	11
21	8	1	1	2	2	0	1	1	19
15	13	13	13	14	14	0	1	1	1
11	24	5	5	7	7	0	2	2	4
8	25	7	7	7	7	0	0	0	1
7	4	6	6	6	6	0	0	0	1

========== STATISTICS ==========
1) Total orders: 45
   ODG: 3  ODN: 7  OT: 12  OVG: 5  OVC: 7  OVN: 11
2) Total chefs: 12   CN: 8  CS: 4
3) Total scooters: 5
4) Finished: 44 (97.7778%)   Cancelled: 1 (2.22222%)
5) Overwait orders: 0 (0% of finished)
6) Averages (finished orders):
   Avg Ti    = 5.27273
   Avg Tc    = 1.25
   Avg Tw    = 6.52273
   Avg Tserv = 14.0682
7) Scooter utilization: 130.496%
8) Chef utilization:    3.36879%
